1323
1681 1854 1499 
420 796 519 
1761 468 1370 
394 580 1429 
1673 1178 1262 
1817 1539 1625 
70 237 1376 
1761 1410 287 
26 259 524 
191 1633 751 
232 1538 304 
819 469 1277 
1168 1431 130 
1600 1227 1480 
722 848 180 
1667 1171 969 
405 1157 828 
1572 937 769 
645 1510 1227 
1537 1259 185 
1214 1920 548 
1359 1039 1592 
1423 1027 456 
1544 560 323 
1287 728 683 
59 190 1615 
1263 515 651 
1333 1621 285 
1291 453 73 
103 1387 885 
488 728 1823 
1529 1738 440 
1878 548 355 
816 1582 145 
148 5 708 
82 823 479 
1039 1206 715 
1423 798 1856 
1068 1792 846 
854 1303 1132 
1040 423 1740 
194 1291 1360 
1877 599 1566 
721 198 1868 
1369 491 1782 
638 332 1373 
1373 1907 1663 
1360 958 355 
276 1551 887 
821 1306 1211 
1270 589 1636 
158 1183 1970 
122 702 1755 
1348 1293 725 
995 1181 704 
574 141 215 
1286 786 1670 
1615 295 501 
913 905 39 
826 975 949 
744 1806 399 
624 142 451 
392 285 1347 
1115 725 1589 
701 1065 192 
1069 845 194 
1394 584 74 
857 1529 492 
1533 252 59 
825 1949 1513 
331 1991 526 
885 602 1855 
438 318 1583 
1149 368 591 
394 1460 645 
596 1413 691 
1575 47 1500 
55 719 1546 
1871 1201 1578 
46 901 1097 
1088 260 1667 
1843 694 665 
1118 289 388 
1591 381 649 
648 930 1395 
489 1196 1296 
1387 680 1046 
637 212 1406 
1695 93 1487 
951 1927 1747 
967 99 519 
370 801 1250 
1510 1634 211 
399 1072 1990 
1818 1882 483 
363 615 1898 
1644 1491 554 
51 1778 435 
1 500 1921 
698 114 1796 
442 259 40 
1599 985 1500 
187 1195 1912 
1016 867 48 
1250 1122 1565 
791 537 163 
1503 1841 1724 
166 921 1596 
51 1418 668 
738 1533 1608 
128 34 1053 
1685 928 1363 
1984 890 1225 
742 130 1539 
628 1564 1202 
180 1935 1864 
1539 1570 994 
629 1620 657 
208 1883 50 
1530 269 1374 
1883 1728 1776 
344 1287 1635 
233 1321 1923 
1972 1188 268 
1230 1898 1598 
1435 120 1476 
1879 901 1047 
560 585 1039 
1035 652 9 
329 1253 1755 
1115 1363 1540 
1546 250 1647 
1504 755 1576 
1560 1962 1458 
1219 692 643 
294 1066 614 
1644 746 526 
1479 222 149 
28 1238 1051 
190 1321 125 
1509 1508 79 
118 750 206 
1848 942 895 
1358 72 329 
1709 251 176 
246 1865 1663 
415 1908 934 
1006 876 21 
1056 248 1330 
1858 1036 1505 
1019 543 730 
1247 752 1681 
514 435 271 
1773 254 796 
1391 642 452 
840 480 474 
456 1213 1286 
125 63 695 
104 1191 1606 
883 291 1691 
36 1339 1685 
632 1661 162 
55 555 281 
1619 634 1765 
436 1157 1461 
1838 1767 66 
1037 1465 1879 
584 343 234 
317 607 1258 
38 294 204 
969 1226 780 
1397 1471 751 
1876 646 395 
940 1945 1188 
223 316 1897 
32 3 1250 
1838 1422 1855 
1850 592 1991 
1737 1362 1738 
652 1564 617 
378 1708 746 
342 748 199 
242 1340 89 
131 741 1661 
620 1535 662 
141 693 215 
225 376 1906 
1223 1582 342 
491 547 949 
333 508 1095 
115 1528 408 
554 958 152 
636 152 966 
616 770 17 
13 773 1864 
332 520 1261 
176 1536 662 
1639 1353 1204 
1040 1428 1694 
1940 946 1668 
333 855 1418 
220 842 176 
1502 1158 821 
18 786 106 
297 1207 1994 
1260 759 1442 
237 1014 67 
1796 571 391 
1548 684 928 
1676 1762 290 
1721 1278 595 
1670 614 1148 
663 276 1297 
1562 1661 1675 
719 650 1573 
1342 420 731 
1759 779 1196 
1279 916 762 
999 1681 612 
104 116 1430 
783 757 1825 
1539 664 1930 
1026 848 455 
223 1520 492 
1198 124 1492 
1633 638 1567 
357 793 842 
909 1885 1712 
1340 12 19 
716 39 256 
117 651 446 
468 1299 220 
819 380 1844 
1169 1169 729 
1907 2 222 
1485 1402 518 
828 991 1586 
446 1663 1521 
1434 1586 1092 
1552 262 1632 
1615 1356 314 
770 501 521 
1207 320 1628 
884 900 501 
287 1402 145 
310 1975 1766 
920 1777 614 
233 454 850 
630 1423 1913 
1180 450 431 
313 262 35 
900 1035 67 
1069 1818 1636 
231 1035 1658 
971 1783 424 
1658 1555 96 
1375 1790 695 
1962 230 1412 
1559 1166 1063 
1007 498 854 
1295 129 1316 
1365 1978 1343 
1714 135 1103 
928 1235 1273 
503 1574 705 
1260 260 880 
1104 198 864 
1039 15 474 
580 615 61 
409 266 1320 
1310 745 644 
1166 206 1861 
1342 1958 1956 
1877 385 1459 
603 463 714 
1087 1853 1262 
75 1189 1393 
386 1025 111 
1271 184 326 
203 1073 1292 
759 996 1572 
1068 1272 30 
175 1135 1702 
369 12 437 
765 522 1205 
1744 1260 1006 
648 1124 214 
209 973 123 
1194 1959 1800 
813 1269 1272 
1803 1758 1510 
553 686 583 
1858 248 673 
1961 154 856 
1536 112 1690 
431 1688 1221 
1715 1564 426 
262 619 300 
1725 1802 1923 
1886 1577 159 
1273 118 178 
1607 703 1632 
689 131 1612 
1014 1705 814 
1170 1283 56 
669 208 1000 
797 1461 1640 
574 1161 173 
67 1326 249 
1206 1444 1086 
1987 1033 1802 
77 1454 1871 
1738 992 263 
791 109 1326 
770 1859 1510 
169 1277 724 
198 318 1995 
1192 1507 1439 
240 1360 934 
1118 936 1351 
1973 637 1517 
320 385 1988 
1609 975 464 
211 264 27 
525 1384 1154 
658 1614 1619 
311 669 374 
441 1307 1302 
77 982 453 
1640 893 1013 
739 645 942 
437 1600 1454 
916 356 408 
574 1479 1823 
651 311 564 
1662 1169 1234 
370 1626 605 
1745 1511 928 
1013 1144 1484 
1610 1 443 
750 620 561 
1961 231 1804 
308 1178 589 
261 1414 180 
760 1646 1561 
660 602 1367 
152 540 650 
1763 88 199 
753 541 1648 
229 617 1620 
955 1907 1379 
1976 171 794 
168 106 1584 
780 1730 751 
1673 74 1340 
150 1306 937 
775 1674 1695 
1686 1774 265 
1791 1128 76 
1846 1077 533 
1581 428 27 
552 482 164 
520 641 1065 
905 316 1629 
429 842 1561 
1623 1161 928 
533 783 1587 
32 1181 714 
1047 483 619 
635 752 612 
1883 1889 927 
266 875 672 
1365 999 1889 
1620 451 575 
498 867 212 
1053 1407 195 
617 691 834 
1149 374 1857 
1786 128 1915 
1816 1956 1672 
1958 111 443 
128 422 789 
1025 1109 627 
264 1582 317 
764 1382 295 
953 833 1410 
867 551 851 
1737 443 299 
1304 837 640 
1054 883 1393 
753 967 628 
1583 924 1242 
284 1239 645 
782 4 16 
390 1476 1502 
708 1750 420 
1483 671 1852 
1914 687 1784 
229 273 914 
627 1733 622 
600 854 138 
561 371 75 
983 1384 1480 
1510 544 1156 
1295 279 897 
767 1999 290 
1844 814 1114 
333 531 132 
164 601 1706 
1192 1498 1621 
1777 1816 1697 
1263 1417 1805 
556 300 68 
400 1890 1083 
474 238 1134 
1813 1481 328 
649 983 668 
1758 1046 627 
399 1518 540 
148 562 1719 
793 1249 509 
1618 1253 804 
995 595 149 
10 650 1069 
1377 1789 1290 
116 1752 417 
3 151 1523 
765 484 957 
663 59 905 
846 286 433 
1125 598 760 
608 1456 870 
334 12 1459 
140 1256 1693 
226 1092 255 
886 24 1886 
1445 1093 890 
994 1140 1498 
1428 1890 485 
1867 825 751 
322 119 1594 
1582 798 602 
404 411 451 
1776 798 959 
507 1805 1315 
1871 819 445 
350 261 877 
343 819 1011 
6 1863 1814 
1813 1560 492 
422 1862 1552 
223 345 38 
66 102 926 
474 1563 872 
111 116 904 
306 1462 197 
1813 425 1809 
960 9 640 
729 1745 304 
732 1823 1598 
72 646 520 
1437 560 418 
395 1574 94 
1486 856 218 
848 428 668 
452 278 195 
466 95 430 
1139 892 1016 
1167 1496 1346 
1973 202 1025 
1818 1894 733 
545 1432 1195 
1914 421 168 
1879 1241 328 
1818 499 1465 
228 1917 1190 
524 1369 688 
1443 612 1555 
1189 1540 744 
391 1190 630 
1084 317 796 
1124 1392 1141 
494 1016 631 
1379 1959 720 
698 13 923 
1102 1022 1639 
411 1026 1908 
1068 1975 891 
448 1456 1236 
1420 1500 1540 
1503 348 782 
1770 1632 1328 
1959 121 1601 
477 941 787 
241 409 27 
1125 612 1201 
1575 1614 878 
1505 1989 1428 
1200 943 1546 
516 674 1624 
1492 1896 1618 
1151 344 1966 
1372 1555 1947 
1142 138 81 
293 492 125 
266 1315 984 
813 1975 397 
66 1917 713 
231 1929 1795 
1333 1195 1061 
87 897 374 
1915 1593 1528 
1266 1538 472 
932 933 900 
1280 493 584 
1463 132 1228 
1018 1181 1709 
453 742 1416 
1537 53 1090 
946 679 1191 
665 700 1162 
62 172 325 
508 894 1028 
1774 1261 363 
91 59 460 
71 1692 1324 
654 6 424 
45 812 1669 
1547 1051 689 
698 1694 665 
1797 573 1678 
1 1764 1719 
1437 286 1235 
826 791 1849 
1475 65 199 
1251 1670 105 
411 1747 722 
625 421 1104 
356 510 1732 
1634 662 1442 
1699 468 1652 
765 400 348 
396 1317 1856 
1230 1669 1826 
1233 1757 257 
1101 1328 915 
1621 1578 1820 
596 1848 1651 
730 1694 362 
1864 1898 788 
152 548 1897 
11 237 1681 
985 1012 971 
78 1183 860 
730 96 411 
144 1392 1543 
1917 1157 354 
99 374 1782 
1577 1735 365 
1583 649 1244 
627 1418 30 
664 1609 1688 
1800 1697 32 
83 1272 1773 
1 545 1595 
1532 670 1243 
1303 8 1240 
1119 628 43 
819 643 701 
530 1479 1579 
1286 625 489 
1852 1808 1447 
521 626 684 
579 1357 607 
1260 247 494 
997 1232 1420 
32 710 1055 
727 168 1450 
1764 874 810 
97 347 542 
289 457 1372 
911 962 770 
1640 1864 690 
688 1185 561 
1991 145 1535 
1126 909 592 
864 746 203 
1481 1423 172 
101 1229 105 
57 1219 953 
1820 50 609 
498 1025 1167 
280 1972 315 
1427 1933 11 
160 34 1416 
1985 1336 881 
1864 1209 276 
190 1638 1451 
1984 1663 343 
114 1484 447 
134 1602 1831 
182 321 1950 
1389 1384 354 
841 804 497 
1968 1163 1953 
1855 1559 1926 
80 1761 1270 
1002 1971 1822 
8 566 1562 
297 262 655 
1828 1828 1627 
1094 197 1075 
135 565 633 
18 311 186 
1944 1209 1813 
520 235 1503 
1100 1962 1518 
557 176 857 
246 180 667 
192 548 1249 
522 1982 250 
448 1450 827 
910 176 1901 
367 1181 917 
1265 1631 754 
1475 83 425 
167 1690 399 
899 1883 1373 
156 863 724 
1959 950 1746 
279 1472 1691 
420 1190 1180 
1339 554 137 
1781 1993 579 
784 1626 775 
1456 1352 56 
993 1192 1932 
1288 1801 202 
510 393 1923 
916 214 1552 
641 67 1962 
765 866 1804 
1343 895 1942 
1915 1919 426 
389 698 1147 
617 849 293 
802 255 825 
1403 1507 562 
560 455 1376 
346 253 1343 
852 1510 740 
1117 1750 1168 
277 701 1198 
322 195 902 
167 1496 1432 
1420 1301 56 
1479 1125 41 
1920 1458 379 
1588 1775 221 
1058 1864 967 
755 1514 1797 
849 1463 902 
1362 337 685 
414 730 187 
1946 1395 1738 
919 1530 1249 
535 273 337 
825 181 212 
836 176 1734 
1815 472 66 
767 376 635 
1995 1698 1209 
1474 392 1767 
1705 1987 1753 
1244 1076 260 
1625 1359 1165 
1155 1121 393 
523 1847 1386 
1437 369 503 
353 1457 35 
986 1424 285 
934 1166 1627 
530 1463 1885 
1369 1501 15 
141 1028 763 
1573 647 177 
1167 20 379 
243 1442 990 
113 381 970 
1106 1603 440 
1294 1946 649 
1892 1721 1080 
1221 1986 990 
1874 1329 1969 
1275 555 1941 
519 1104 1652 
141 291 1937 
1347 410 561 
1578 1555 456 
45 1043 1052 
1344 235 1109 
756 1567 118 
1324 566 1271 
1384 333 1939 
1348 986 1977 
694 545 12 
1875 219 380 
1559 622 787 
1448 753 650 
1025 1410 961 
865 313 1302 
1507 1485 1066 
1522 638 1981 
457 1851 1636 
72 1008 1935 
794 833 807 
1643 794 1403 
1874 830 389 
1278 522 365 
1772 1066 1601 
1960 64 1516 
304 1581 1528 
1567 707 1820 
340 453 56 
1099 528 742 
1667 603 427 
776 886 58 
1352 880 143 
1098 148 136 
818 561 1001 
1025 1481 1843 
947 715 1289 
190 1074 1987 
903 1908 463 
443 1819 1214 
1346 1904 1428 
1006 499 1849 
1931 678 447 
683 1948 7 
253 69 483 
1805 1634 680 
1491 1705 786 
358 541 1663 
888 1168 575 
1218 136 1992 
443 1996 1651 
142 1961 1554 
747 265 255 
1990 1111 1748 
208 1599 8 
124 1635 695 
61 1047 151 
1412 1877 983 
179 905 1220 
558 1570 1933 
1607 84 1934 
1612 203 1831 
1868 1101 794 
1651 250 1316 
808 802 468 
1897 605 454 
940 665 948 
1093 907 1579 
1636 995 1331 
1653 284 1398 
664 383 708 
1110 1615 1992 
1265 836 1444 
1721 618 1965 
82 1271 1273 
62 1967 605 
52 618 374 
1209 157 1114 
137 501 1366 
981 1974 473 
105 416 1561 
415 1927 1335 
115 1735 607 
812 1914 701 
545 1647 1233 
1143 1747 1536 
873 1411 1013 
1121 455 193 
1824 127 1144 
1692 1956 930 
1091 767 1138 
131 894 789 
103 894 1380 
1970 731 1208 
661 544 1560 
1475 494 1213 
207 255 282 
1683 1271 803 
1785 1543 1591 
1708 929 343 
182 709 1282 
1533 577 1320 
222 249 429 
404 1129 1423 
878 960 301 
668 999 398 
1201 895 595 
275 987 1541 
963 1447 1972 
1557 1064 456 
651 1934 1940 
820 156 605 
652 86 802 
1523 753 48 
1162 1655 1024 
1563 539 1240 
1782 778 771 
1206 1127 678 
1939 785 1345 
1941 1006 1826 
1357 1228 1934 
1321 1478 711 
1864 1878 333 
1718 49 1020 
507 955 1824 
594 184 1233 
1846 412 1484 
847 395 458 
1989 797 1787 
432 793 887 
1585 310 1548 
1903 258 880 
163 1703 1406 
848 1018 368 
1075 1594 1475 
125 2 697 
1040 283 86 
16 803 245 
578 564 867 
1762 570 1480 
802 1218 788 
1032 1758 154 
1872 667 1252 
988 327 611 
1147 907 1920 
854 864 733 
1897 322 1310 
977 51 332 
1249 19 1134 
1802 955 1725 
328 610 1222 
817 1472 850 
1306 1141 1647 
1954 1586 701 
1946 1095 1434 
1231 17 89 
700 1827 1787 
1590 987 906 
230 1624 527 
625 1193 981 
179 1862 957 
1719 1787 666 
1036 219 1786 
1351 1384 1997 
1890 851 1663 
292 1022 1029 
29 1801 1661 
1864 1730 1294 
1727 1151 502 
605 1157 1624 
891 1278 436 
836 1586 685 
586 693 960 
1963 1988 760 
114 1732 15 
85 190 1794 
558 1013 780 
480 1244 708 
326 1985 226 
583 1979 1201 
1546 1520 746 
236 1893 639 
734 1070 827 
699 500 667 
977 1601 1493 
80 160 1996 
1248 793 1731 
150 23 292 
368 862 1789 
582 1451 1867 
1166 1325 1688 
1456 752 1158 
688 752 617 
1184 1605 1124 
993 49 89 
1898 105 1639 
412 1280 172 
1777 661 1201 
437 1391 1539 
239 1809 839 
36 1619 262 
1802 229 1681 
516 1254 1227 
1215 1147 253 
834 583 318 
662 1092 234 
535 1762 1212 
40 74 370 
1739 1950 862 
376 379 623 
921 107 419 
1318 396 974 
938 922 655 
1795 1887 19 
397 1484 616 
332 900 658 
25 1914 454 
1482 120 1788 
611 261 95 
1668 1371 294 
401 1973 974 
570 241 396 
854 1331 1167 
244 1400 117 
548 1253 1367 
1301 336 269 
1241 718 434 
802 1534 1046 
1048 678 750 
1200 1591 955 
1426 947 1933 
889 1127 476 
182 1615 1390 
111 1388 118 
1223 1156 1826 
492 751 1343 
338 927 1623 
192 1829 1480 
840 685 564 
267 1540 1309 
364 1900 190 
1046 1495 612 
780 1672 1353 
452 1915 540 
728 425 1445 
1448 1072 1105 
1407 1700 246 
1021 1638 1426 
459 631 363 
313 51 758 
1035 1538 518 
847 212 55 
1655 1790 485 
841 1908 1718 
1270 1985 669 
1685 1160 1129 
1144 715 1118 
1675 1107 1133 
1724 1434 1612 
1653 559 1825 
318 988 141 
137 125 1467 
510 1886 404 
478 267 260 
733 938 1222 
1334 1505 593 
779 95 400 
739 133 1020 
323 1255 563 
994 1775 507 
1276 796 989 
1976 305 1256 
297 1689 1795 
131 1784 1837 
229 1042 685 
971 1235 1154 
1725 950 787 
914 401 1313 
858 704 1644 
788 915 784 
174 640 827 
1556 344 1840 
1984 345 113 
160 172 1134 
793 1506 1324 
363 124 159 
934 1999 632 
731 682 218 
515 1436 1096 
445 1479 1772 
850 782 303 
525 147 880 
1015 412 17 
915 158 857 
671 456 1711 
1926 1974 999 
145 1102 1638 
868 188 89 
1575 1168 1005 
61 644 1340 
1052 118 1754 
563 395 1961 
941 1224 1985 
1861 1484 846 
216 1548 1558 
567 244 17 
990 95 118 
1730 1595 441 
1935 743 818 
1594 1481 1931 
1928 1541 242 
219 1554 1767 
1418 1469 1232 
1796 127 531 
314 1617 1879 
1952 1721 692 
911 1802 953 
553 1377 688 
445 1686 539 
894 612 1857 
749 1583 1067 
1345 1282 498 
1955 402 1076 
592 580 1485 
666 941 210 
6 1939 1117 
511 504 423 
713 1457 1950 
1227 1954 597 
948 550 1078 
1700 686 818 
1808 1877 1030 
1525 1396 276 
1772 1808 1435 
401 1161 1943 
1948 956 1156 
691 349 672 
889 773 1592 
1245 1623 780 
224 778 1321 
872 1542 602 
103 1504 1655 
1103 94 673 
153 77 1085 
1559 822 576 
145 961 1351 
1344 276 1168 
741 180 1185 
145 1916 1765 
811 1580 1986 
1716 1886 299 
1638 1455 1270 
590 1500 112 
479 1087 952 
534 541 546 
1672 1912 1741 
767 823 1015 
172 1138 880 
1635 710 1539 
1808 81 1281 
674 1519 1068 
635 437 1359 
1402 642 598 
1670 1040 1347 
710 153 1832 
1012 1415 858 
1377 166 1832 
980 920 485 
641 1907 102 
1234 610 794 
1802 1939 1384 
1359 649 1545 
320 1641 899 
274 1550 589 
648 1072 608 
453 1466 667 
1854 1811 1636 
386 213 1541 
1788 1687 917 
457 341 204 
1832 578 1080 
984 228 1067 
435 574 1330 
524 1715 1824 
1439 635 623 
1248 963 1492 
1012 504 1521 
1756 280 1819 
1854 866 889 
1082 246 952 
1734 1355 1099 
1969 1377 216 
767 1227 1635 
596 1204 1454 
160 1011 529 
277 349 1914 
1848 781 591 
1124 1574 1868 
1829 1863 1051 
261 345 343 
107 1608 899 
1801 1892 414 
1471 267 992 
214 848 1234 
29 58 629 
387 1052 710 
138 1558 151 
9 98 1192 
1142 188 964 
64 1988 899 
820 1668 253 
130 1843 1405 
1578 1843 1913 
137 705 1125 
1602 559 1319 
598 519 1640 
743 148 1999 
1420 952 1504 
277 1738 393 
708 1596 1021 
432 1367 1216 
395 1636 14 
1039 15 1111 
213 1336 1354 
904 1151 1890 
1093 168 1674 
848 218 844 
1367 99 420 
146 1465 881 
628 1927 1979 
1029 709 40 
118 359 1922 
1016 1779 1118 
391 1330 734 
1683 1814 95 
205 327 571 
1257 1136 871 
705 561 1400 
1999 1926 1982 
268 1277 1020 
152 810 728 
1858 1588 1787 
1009 1251 1584 
1738 1640 1277 
962 1718 674 
1781 1516 1990 
1529 713 690 
1165 1461 1285 
1375 303 26 
826 1365 930 
1841 444 1907 
1800 620 411 
204 412 1076 
213 806 154 
1861 633 320 
117 109 47 
1911 1235 737 
918 155 1355 
496 670 1966 
1619 364 1384 
317 1107 1494 
27 1073 574 
1561 760 1672 
1137 714 1936 
880 924 430 
868 836 1058 
333 1004 1994 
1692 885 572 
459 706 1938 
1941 1285 988 
1661 920 1678 
630 771 193 
730 243 1335 
513 591 1283 
922 1451 1511 
360 1226 1140 
1829 1541 233 
1413 1516 136 
1840 1506 1068 
1626 291 544 
1022 4 726 
131 482 1204 
1680 501 1462 
480 1887 1726 
1450 346 1709 
1088 371 1637 
1522 1986 973 
743 777 96 
660 1600 391 
769 1492 858 
1369 457 1599 
816 62 463 
1807 1172 614 
1041 893 1980 
88 1671 626 
157 1930 6 
1867 1883 284 
231 1058 944 
710 1943 1883 
1675 1796 1855 
1900 394 1534 
22 1713 1371 
1101 582 1390 
1823 971 1036 
311 928 43 
1604 76 261 
217 965 1449 
788 642 1145 
1997 903 1623 
976 1913 210 
1934 245 348 
563 458 417 
1260 331 204 
1598 87 1548 
234 1774 811 
68 1710 1694 
883 537 1282 
1557 531 1061 
188 1682 54 
181 1348 517 
1910 540 1149 
1867 475 1565 
355 1648 407 
1688 1890 1841 
338 148 888 
1376 690 1631 
1052 395 782 
578 1614 206 
1730 441 1904 
776 149 49 
102 1484 73 
562 1946 1866 
1043 79 291 
557 1292 155 
1143 85 471 
831 271 792 
1748 1178 650 
1540 324 1848 
548 1705 1470 
150 1240 1813 
17 1652 1572 
1631 1803 1963 
1292 1832 698 
1122 1570 351 
321 1004 1108 
1092 1933 212 
1030 575 1289 
1756 786 482 
718 914 1661 
1372 143 740 
1803 159 820 
309 294 309 
309 1920 315 
575 441 1885 
342 765 1103 
1298 1856 69 
62 780 1589 
109 1352 670 
203 251 1524 
824 143 896 
108 252 130 
1632 1764 1213 
885 166 461 
1401 1536 885 
856 1433 537 
673 286 822 
1155 671 1008 
430 1685 379 
715 1015 1501 
1097 654 964 
964 1566 1999 
517 452 1727 
1482 196 967 
986 171 861 
706 468 1487 
1005 930 1010 
486 1151 166 
540 1580 467 
1133 431 1656 
1680 49 1251 
676 891 1636 
1964 414 857 
393 1460 958 
33 1479 617 
89 853 505 
546 389 482 
1306 312 1055 
422 1279 1763 
169 834 1989 
147 424 1809 
1069 624 973 
808 517 1812 
226 1149 810 
759 1527 604 
1434 1739 365 
1112 1774 25 
1812 384 1528 
411 848 259 
281 1644 593 
116 694 1005 
1539 1569 1020 
346 354 320 
209 124 1042 
299 717 304 
415 1199 394 
632 1584 1471 
1512 1488 818 
638 772 1043 
1458 541 1881 
1935 1482 1841 
695 87 1488 
1384 1747 296 
443 1678 928 
1518 1672 1467 
525 1687 1196 
512 1694 872 
907 1250 1183 
1807 1128 1813 
1990 1705 1981 
1708 1257 1140 
1357 1104 752 
1768 265 1472 
796 498 1520 
1000 664 209 
730 1605 1871 
1252 567 647 
1518 1939 1923 
1560 1180 1998 
