1696
1 10655
2 10594
2 10984
1 10883
2 10880
1 10086
1 10633
2 10534
1 10853
2 10773
1 10241
1 10461
1 10259
1 10599
1 10459
2 10683
1 10758
1 10087
2 10969
1 10947
1 10612
2 10180
1 10892
1 10887
2 10085
2 10793
1 10664
2 10045
2 10274
2 10077
2 10485
1 10908
1 10083
2 10772
2 10463
1 10828
1 10319
2 10820
2 10327
1 10083
2 10327
2 10073
2 10313
2 10457
2 10043
2 10241
1 10444
2 10189
1 10820
1 10792
2 10148
1 10581
1 10369
1 10182
2 10355
2 10538
2 10315
1 10316
1 10372
1 10434
2 10632
1 10979
1 10174
2 10076
2 10251
1 10877
1 10944
2 10695
1 10754
1 10865
2 10239
2 10940
1 10711
1 10115
2 10105
1 10519
1 10265
1 10530
2 10366
1 10858
2 10888
2 10177
2 10385
1 10698
2 10931
1 10286
1 10555
2 10945
2 10341
2 10878
2 10785
1 10458
2 10860
1 10791
1 10481
2 10327
2 10401
2 10429
1 10785
2 10086
1 10284
1 10749
2 10656
2 10944
2 10725
2 10669
2 10763
1 10729
1 10499
1 10474
2 10993
1 10243
1 10928
2 10256
2 10767
2 10091
1 10123
2 10446
2 10205
1 10602
2 10077
1 10136
2 10703
1 10853
1 10493
1 10179
2 10525
1 10870
2 10461
1 10868
2 10268
1 10449
1 10458
2 10385
2 10179
2 10551
2 10775
2 10350
2 10046
1 10782
2 10011
1 10162
1 10406
2 10743
2 10526
1 10359
1 10767
1 10399
2 10920
2 10998
1 10864
1 10927
1 10123
2 10200
2 10543
1 10508
2 10220
1 10494
2 10115
2 10599
2 10973
1 10946
2 10056
2 10150
1 10142
2 10532
1 10326
2 10601
1 10351
1 10462
2 10026
1 10991
1 10912
1 10368
2 10604
2 10446
1 10417
1 10733
1 10239
1 10182
2 10378
2 10660
1 10476
2 10183
2 10621
2 10264
1 10872
1 10694
1 10343
1 10632
2 10673
2 10492
2 10331
2 10640
2 10429
2 10175
2 10119
1 10870
1 10003
1 10783
1 10556
1 10622
2 10000
2 10050
1 10930
1 10718
1 10899
1 10753
1 10186
2 10474
2 10353
2 10080
2 10474
1 10538
1 10138
2 10018
1 10173
2 10135
1 10874
2 10763
2 10784
1 10178
1 10473
1 10676
1 10310
1 10701
2 10515
1 10355
1 10021
1 10159
2 10961
1 10704
2 10182
1 10828
1 10038
1 10273
1 10177
2 10683
1 10059
1 10983
2 10799
1 10831
2 10732
2 10654
2 10263
2 10351
1 10793
1 10929
2 10458
2 10542
2 10349
2 10756
2 10078
2 10795
1 10938
1 10128
2 10838
1 10569
2 10363
1 10674
2 10632
2 10312
2 10800
2 10052
2 10334
1 10234
2 10670
1 10355
2 10382
1 10656
1 10933
1 10304
1 10610
1 10899
1 10080
2 10311
2 10721
1 10667
1 10233
2 10099
2 10540
1 10523
1 10714
2 10255
2 10913
1 10067
2 10876
1 10206
1 10692
1 10764
1 10100
1 10733
2 10585
1 10856
1 10577
1 10668
1 10499
2 10608
1 10736
1 10608
1 10656
2 10643
1 10216
1 10268
1 10586
2 10926
1 10718
2 10075
1 10672
2 10206
2 10170
2 10792
2 10099
1 10808
1 10304
1 10070
2 10826
2 10658
1 10176
2 10656
2 10262
2 10495
2 10774
2 10978
1 10895
2 10935
1 10659
1 10006
2 10085
1 10332
1 10762
2 10497
2 10263
1 10734
1 10292
2 10811
1 10080
1 10240
1 10885
1 10355
2 10557
1 10073
2 10700
1 10888
2 10200
2 10972
2 10535
1 10784
2 10504
2 10384
1 10645
2 10605
2 10862
1 10281
1 10514
1 10547
1 10194
2 10077
1 10798
1 10676
1 10580
2 10176
1 10590
2 10565
2 10780
1 10704
1 10393
2 10718
2 10058
2 10090
1 10901
1 10941
1 10966
1 10987
2 10232
1 10651
2 10290
2 10208
2 10207
2 10438
1 10483
2 10446
2 10707
1 10030
2 10116
2 10794
2 10598
1 10656
2 10266
2 10963
1 10362
2 10597
1 10089
1 10755
1 10979
2 10508
2 10701
2 10178
2 10600
1 10692
1 10106
1 10339
2 10470
1 10011
2 10109
1 10284
1 10861
1 10266
1 10433
1 10090
1 10273
2 10383
2 10683
1 10123
2 10866
2 10057
2 10566
2 10323
2 10692
1 10135
2 10744
2 10352
1 10408
1 10378
2 10403
1 10605
1 10537
2 10406
2 10140
1 10394
1 10144
1 10749
2 10959
1 10699
1 10217
2 10588
2 10810
1 10917
1 10531
1 10460
2 10309
1 10580
1 10764
1 10891
1 10177
2 10384
1 10082
2 10664
2 10142
2 10538
2 10307
2 10970
1 10643
2 10388
2 10535
1 10474
2 10626
1 10111
1 10257
1 10188
2 10825
1 10210
2 10641
2 10362
2 10202
1 10802
2 10309
1 10081
1 10275
1 10988
2 10803
2 10650
1 10983
1 10485
2 10632
1 10850
2 10348
2 10275
1 10860
1 10210
1 10619
2 10265
2 10340
2 10760
2 10131
1 10367
1 10495
2 10956
1 10246
1 10039
2 10281
1 10933
2 10402
2 10402
2 10556
2 10545
2 10801
1 10361
1 10602
1 10280
1 10330
2 10219
2 10619
1 10866
2 10670
1 10766
2 10909
2 10996
2 10036
1 10230
2 10623
1 10208
2 10621
2 10872
1 10838
2 10721
1 10688
1 10434
2 10960
1 10051
1 10672
1 10007
1 10067
2 10337
1 10065
2 10056
2 10503
2 10236
2 10110
1 10238
1 10568
1 10363
2 10182
1 10946
1 10077
2 10990
2 10898
1 10997
2 10548
1 10986
2 10393
2 10296
2 10180
1 10248
1 10229
2 10949
1 10161
2 10222
2 10715
2 10116
2 10147
2 10828
2 10390
2 10551
2 10759
1 10712
2 10925
2 10718
2 10716
2 10755
2 10096
2 10915
1 10527
1 10585
2 10655
2 10887
1 10121
1 10285
1 10116
2 10372
1 10348
1 10787
2 10724
1 10441
2 10185
2 10076
1 10065
1 10634
2 10125
2 10710
2 10763
2 10325
2 10727
1 10513
1 10506
2 10053
2 10347
1 10987
1 10014
1 10475
2 10274
1 10500
1 10112
1 10256
1 10952
2 10123
1 10958
2 10380
2 10541
1 10167
2 10154
1 10234
1 10493
2 10055
2 10948
1 10946
1 10680
2 10819
2 10675
2 10750
1 10858
1 10553
2 10928
1 10589
1 10684
1 10409
2 10812
2 10515
2 10673
1 10008
1 10140
1 10335
1 10178
1 10561
2 10124
2 10971
1 10698
1 10767
2 10682
1 10376
1 10819
2 10901
2 10694
2 10776
2 10783
2 10294
1 10601
2 10241
1 10088
1 10221
2 10219
2 10433
1 10641
2 10735
2 10994
1 10053
2 10154
1 10508
1 10410
1 10088
2 10032
1 10937
1 10568
2 10154
1 10274
2 10569
1 10718
1 10694
1 10934
2 10927
2 10267
1 10747
1 10746
1 10366
1 10031
2 10572
1 10403
2 10393
2 10139
2 10913
1 10913
2 10875
2 10239
1 10739
1 10369
1 10320
1 10362
1 10011
2 10658
1 10114
1 10790
2 10772
2 10496
1 10622
1 10641
2 10709
2 10028
2 10612
2 10861
1 10904
2 10282
1 10394
1 10305
1 10446
2 10802
1 10362
1 10382
1 10584
1 10920
1 10087
1 10331
1 10391
1 10116
2 10524
1 10361
1 10109
1 10322
2 10061
1 10047
1 10841
1 10331
2 10220
1 10359
2 10488
2 10826
1 10989
1 10623
1 10623
2 10056
1 10091
1 10674
1 10697
1 10448
1 10809
1 10468
2 10807
2 10780
1 10769
2 10274
1 10851
2 10982
1 10264
2 10863
1 10724
1 10968
1 10296
2 10896
1 10062
1 10396
2 10557
2 10681
2 10607
2 10925
2 10361
1 10605
2 10698
1 10397
2 10352
1 10091
1 10368
1 10588
1 10092
1 10355
1 10554
1 10751
2 10498
1 10885
2 10320
2 10390
2 10852
2 10691
2 10870
2 10925
2 10429
2 10273
2 10345
2 10893
1 10167
2 10004
1 10038
1 10872
2 10024
1 10281
1 10683
1 10576
1 10297
2 10633
1 10092
2 10201
1 10406
2 10307
2 10568
1 10706
1 10017
1 10258
1 10570
2 10431
2 10567
1 10227
1 10784
1 10194
1 10025
1 10929
2 10679
2 10166
1 10469
2 10249
1 10069
1 10163
2 10034
2 10694
2 10557
2 10645
2 10063
1 10245
2 10367
1 10037
2 10332
1 10234
1 10134
1 10846
2 10232
1 10617
1 10232
1 10177
1 10418
2 10350
2 10761
2 10809
1 10111
2 10318
1 10456
1 10671
1 10786
1 10900
1 10008
1 10040
2 10119
2 10325
2 10328
2 10202
2 10336
1 10892
2 10060
1 10995
2 10889
1 10359
1 10034
2 10211
2 10923
2 10744
2 10510
1 10092
2 10756
1 10517
1 10983
1 10313
2 10229
2 10216
1 10455
2 10356
1 10003
1 10903
2 10671
2 10846
2 10551
1 10973
2 10664
1 10427
2 10038
1 10191
2 10707
1 10819
1 10969
1 10376
1 10834
2 10819
1 10102
1 10718
1 10749
2 10082
2 10677
1 10955
1 10686
1 10780
1 10060
2 10349
2 10829
2 10114
2 10236
1 10358
2 10901
2 10392
2 10801
2 10269
2 10613
1 10198
2 10582
2 10523
1 10608
2 10431
2 10959
1 10382
1 10101
1 10901
1 10677
1 10306
1 10783
1 10395
2 10686
1 10643
1 10654
2 10554
2 10514
2 10204
1 10349
1 10437
1 10839
2 10379
2 10626
1 10429
1 10910
2 10826
1 10962
1 10157
1 10147
1 10392
2 10154
2 10287
2 10761
2 10918
2 10414
1 10701
2 10540
2 10819
1 10094
1 10257
1 10053
1 10456
2 10732
1 10853
1 10242
1 10228
1 10511
1 10612
2 10811
2 10281
2 10731
1 10903
2 10637
2 10182
2 10615
2 10489
1 10499
1 10891
1 10582
2 10204
2 10832
1 10096
2 10014
2 10057
2 10887
1 10070
2 10276
1 10804
2 10748
1 10572
2 10118
1 10309
2 10608
1 10988
2 10583
1 10241
1 10984
2 10027
1 10999
2 10926
2 10254
2 10525
2 10217
1 10939
2 10687
2 10022
1 10187
1 10142
2 10475
1 10602
1 10161
1 10540
2 10033
1 10822
2 10762
2 10836
1 10840
2 10044
2 10769
2 10924
1 10239
1 10795
2 10990
1 10563
2 10934
2 10445
2 10626
1 10453
2 10282
1 10671
1 10879
1 10483
1 10917
2 10957
2 10573
2 10920
1 10764
1 10011
1 10582
2 10620
2 10855
1 10461
1 10412
2 10949
2 10773
1 10928
1 10117
2 10569
2 10653
2 10287
2 10854
2 10629
2 10517
2 10023
1 10372
2 10978
1 10311
1 10219
2 10533
2 10771
2 10584
2 10409
2 10061
2 10416
2 10023
1 10218
2 10721
1 10070
2 10332
1 10110
2 10656
2 10540
2 10342
1 10286
2 10429
2 10439
2 10227
1 10856
2 10951
2 10583
1 10205
1 10863
1 10105
2 10568
1 10703
2 10712
2 10850
1 10058
2 10796
2 10855
1 10358
2 10322
2 10488
2 10407
1 10075
1 10247
1 10645
1 10029
1 10125
2 10765
1 10703
2 10198
1 10186
2 10597
2 10488
1 10580
2 10462
2 10563
2 10654
2 10430
1 10681
1 10822
2 10528
1 10453
1 10716
1 10076
2 10068
2 10399
1 10088
2 10996
2 10436
1 10511
2 10007
1 10154
1 10748
1 10683
1 10832
1 10342
2 10773
2 10029
2 10703
2 10997
1 10574
2 10771
1 10795
2 10407
1 10694
1 10160
1 10375
2 10559
1 10995
2 10856
2 10945
2 10847
2 10270
1 10119
2 10262
1 10569
2 10964
1 10235
1 10668
1 10063
1 10055
1 10197
1 10303
2 10395
1 10427
1 10100
2 10092
1 10223
2 10945
2 10243
1 10457
2 10143
2 10256
1 10406
2 10955
1 10202
1 10279
2 10760
2 10878
2 10518
1 10276
1 10728
2 10929
1 10368
2 10696
2 10311
2 10704
2 10615
2 10432
1 10060
2 10256
1 10683
1 10397
1 10608
2 10614
2 10094
2 10277
1 10211
2 10768
1 10026
2 10153
1 10005
2 10538
2 10194
2 10213
1 10365
2 10291
2 10599
2 10179
1 10966
2 10605
2 10373
2 10903
1 10717
2 10737
2 10715
2 10684
2 10092
1 10848
1 10399
2 10822
2 10258
2 10667
1 10896
1 10359
1 10985
1 10532
2 10146
2 10899
2 10878
2 10387
2 10501
2 10699
1 10341
2 10178
2 10758
2 10989
1 10762
2 10577
1 10061
2 10178
1 10513
1 10499
1 10981
2 10671
2 10951
2 10087
2 10296
2 10804
1 10143
1 10424
1 10952
2 10408
1 10134
2 10333
1 10358
2 10148
2 10023
1 10962
1 10063
1 10739
1 10887
2 10861
2 10554
1 10577
1 10122
2 10066
2 10596
1 10281
1 10325
1 10903
2 10436
1 10980
2 10986
1 10960
2 10815
1 10753
2 10335
1 10317
2 10973
1 10400
2 10294
1 10239
2 10458
1 10310
1 10143
1 10839
2 10646
2 10892
2 10498
1 10191
2 10742
1 10399
1 10870
1 10718
1 10400
1 10858
1 10604
2 10664
1 10315
2 10167
2 10396
1 10044
2 10957
1 10602
2 10351
1 10933
2 10426
1 10407
2 10228
1 10146
2 10692
1 10270
2 10459
1 10486
2 10254
2 10030
2 10053
2 10080
2 10879
1 10335
1 10034
1 10123
2 10229
2 10399
1 10841
2 10335
1 10480
2 10230
2 10660
2 10894
2 10675
1 10578
2 10241
2 10857
1 10470
1 10747
2 10962
2 10049
1 10823
1 10808
1 10838
2 10910
2 10244
2 10064
1 10470
1 10507
2 10754
1 10458
2 10784
1 10640
1 10866
2 10070
2 10711
2 10350
1 10422
1 10033
2 10970
1 10775
2 10008
2 10301
2 10545
1 10756
1 10516
2 10591
1 10203
1 10348
1 10977
1 10967
2 10786
2 10788
1 10556
1 10980
1 10221
1 10561
1 10341
2 10277
1 10005
2 10496
1 10992
2 10865
2 10409
2 10719
2 10029
2 10608
2 10154
1 10241
2 10064
1 10055
2 10735
2 10182
2 10890
1 10528
1 10131
1 10632
1 10830
1 10903
1 10778
1 10375
2 10557
2 10431
1 10176
1 10246
1 10099
2 10867
2 10353
1 10972
1 10312
1 10093
1 10130
1 10260
1 10687
2 10603
1 10847
1 10829
2 10642
1 10309
1 10906
2 10387
1 10588
2 10296
2 10307
2 10084
2 10877
1 10982
1 10674
1 10060
1 10530
1 10059
2 10310
2 10945
2 10443
1 10922
2 10330
2 10904
1 10539
1 10726
1 10291
2 10094
2 10099
1 10241
1 10060
2 10296
2 10872
2 10176
1 10866
1 10707
1 10896
1 10917
1 10127
1 10924
2 10505
1 10508
2 10931
1 10394
2 10106
1 10887
2 10047
2 10655
1 10071
1 10290
2 10064
2 10451
1 10249
2 10912
1 10370
2 10393
2 10348
2 10732
2 10778
2 10263
2 10032
1 10904
2 10323
2 10642
1 10497
2 10241
2 10922
1 10632
1 10063
1 10025
1 10594
1 10141
2 10479
2 10756
2 10777
1 10103
2 10327
1 10547
2 10736
1 10417
1 10829
1 10373
2 10383
2 10596
2 10441
1 10417
2 10495
1 10657
1 10615
1 10909
2 10102
1 10200
1 10287
1 10578
1 10367
1 10260
1 10828
2 10533
1 10552
1 10805
1 10568
2 10912
2 10466
2 10244
2 10022
1 10791
1 10092
2 10659
1 10446
1 10955
2 10151
1 10035
1 10797
2 10538
2 10995
1 10539
1 10634
2 10373
1 10058
1 10328
2 10275
1 10201
2 10240
1 10008
1 10958
2 10679
2 10257
1 10725
2 10352
1 10940
1 10674
2 10272
2 10682
2 10402
1 10287
2 10987
2 10030
1 10445
2 10508
2 10822
2 10214
2 10182
2 10012
1 10971
2 10118
2 10563
1 10013
1 10523
1 10293
2 10333
1 10793
1 10887
1 10952
2 10097
2 10015
2 10870
1 10223
1 10704
1 10440
2 10230
2 10566
1 10967
2 10595
1 10467
2 10597
1 10007
1 10449
1 10578
1 10784
1 10702
1 10577
1 10505
1 10000
1 10684
2 10725
2 10379
1 10248
1 10679
2 10932
2 10401
1 10033
2 10232
1 10518
2 10196
1 10582
2 10308
2 10403
1 10661
2 10409
2 10067
1 10980
2 10117
2 10956
1 10732
2 10232
2 10973
1 10585
2 10088
1 10496
1 10767
1 10179
1 10162
1 10396
2 10467
1 10090
2 10534
1 10012
2 10027
2 10331
1 10430
1 10863
1 10183
1 10317
2 10622
2 10736
2 10201
2 10254
1 10322
1 10692
2 10098
2 10228
1 10035
1 10557
1 10580
1 10788
2 10509
2 10890
1 10686
1 10070
2 10620
2 10821
2 10764
2 10263
1 10042
2 10284
1 10620
2 10086
2 10954
2 10280
1 10065
2 10592
2 10513
2 10537
1 10492
1 10764
1 10904
2 10263
1 10070
1 10207
1 10083
2 10859
1 10751
1 10240
1 10253
1 10004
2 10194
1 10013
1 10418
1 10490
2 10959
2 10093
1 10499
2 10967
1 10088
1 10396
2 10709
2 10337
1 10260
2 10275
1 10786
1 10249
2 10495
2 10173
2 10007
1 10831
2 10336
1 10835
2 10164
1 10836
1 10977
1 10993
2 10384
1 10494
1 10339
2 10622
1 10986
1 10232
1 10152
2 10200
1 10729
1 10567
2 10454
2 10309
2 10701
2 10862
2 10179
1 10395
1 10843
1 10339
1 10764
1 10025
1 10717
1 10560
2 10700
2 10300
2 10840
1 10939
2 10571
2 10148
1 10572
2 10038
2 10556
1 10084
1 10096
2 10039
1 10966
2 10237
1 10883
2 10073
2 10028
1 10995
1 10796
2 10578
2 10990
1 10527
1 10819
